invst_type	icode	iunitbuyprice	iquantity	kforeverholdyn
3	KRW-DOGE	72.8	930.1393531	1
3	KRW-XRP	473	272.4685877	1
3	KRW-BTG	22987	2.80591867	1
3	KRW-BTC	50594076	0.00327359	1
3	KRW-ETH	1769535	0.07290502	1
3	KRW-EOS	4198	15.36599299	1
3	KRW-BCH	590600	0.10554154	1
3	KRW-XLM	360	178.9538424	1
3	KRW-GAS	23127	5.18877071	0
3	KRW-BTT	11.24	10677.00	0
3	KRW-CHZ	760	157.9164944	0
3	KRW-ETC	26730	2.24466891	1
3	KRW-SC	68.05	1763.41	0
3	KRW-MED	187	642.9047302	0
3	KRW-DAWN	6750	10.79451851	0
2	BE	24.5	5	0
2	CRM	240.46	1	0
2	DOCU	221.3	1	0
2	PLTR	26.5	9	0
2	QS	54.6	7	0
2	U	129.07	2	0
2	UBER	50.07	7	0
2	VLDR	17.44	9	0
3	KRW-AXS	10640	10.9962406	0
3	KRW-STX	2880	40.625	0
3	KRW-DKA	327	357.7981651	0
3	KRW-FLOW	43870	2.66697059	0
1	000020	11538	5	1
1	000060	14847	7	0
1	000080	44488	3	0
1	000215	38471	1	1
1	000225	4818	16	1
1	000270	34156	2	1
1	000490	9196	11	0
1	000720	30771	4	0
1	001065	27658	3	0
1	001120	27228	4	0
1	001250	4241	25	0
1	001340	3913	28	0
1	001520	2118	52	0
1	001740	4898	22	0
1	001810	3404	32	0
1	002140	3420	31	0
1	002150	8703	12	0
1	002230	6164	17	0
1	002290	3788	29	0
1	002355	2508	43	0
1	002360	1642	67	0
1	002700	1650	66	0
1	002790	62976	2	0
1	003310	1905	57	0
1	003380	14839	7	0
1	003495	14146	3	1
1	003545	9367	11	0
1	003560	2155	51	0
1	003850	10205	5	1
1	003960	22847	5	0
1	004310	5018	21	0
1	004410	262	419	0
1	004840	8007	13	0
1	004980	11127	10	0
1	005160	2899	38	0
1	005389	67549	2	0
1	005610	73388	2	0
1	005720	7412	14	0
1	005880	2682	40	0
1	006125	17257	4	1
1	006200	914	119	0
1	006980	36648	3	0
1	007390	13775	8	0
1	007590	7857	14	0
1	00806K	5954	6	1
1	008260	3509	31	0
1	008420	3816	28	0
1	008930	59381	2	0
1	009155	65693	1	1
1	009200	3717	29	0
1	009320	2826	38	0
1	009460	1191	57	1
1	009540	129350	1	0
1	010050	838	131	0
1	010620	66775	2	0
1	010960	4607	23	0
1	011150	3061	36	0
1	011500	4370	13	1
1	011560	9898	11	0
1	011930	2273	49	0
1	012205	8509	12	0
1	012700	7101	15	0
1	013360	1665	65	0
1	013520	2384	33	1
1	013870	5019	21	0
1	014440	4886	22	0
1	014530	3762	29	0
1	014580	3406	32	0
1	014710	6995	15	0
1	014790	5514	20	0
1	015750	3926	15	1
1	015760	33509	3	0
1	015890	5937	18	0
1	016090	2501	44	0
1	016600	901	123	0
1	016610	5011	22	0
1	016740	3626	30	0
1	017480	5213	20	0
1	017550	1946	32	1
1	017900	2796	39	0
1	017960	7650	14	0
1	019550	880	63	1
1	020180	1284	85	0
1	020760	5204	22	0
1	021040	1217	88	0
1	021080	2109	26	1
1	021650	2992	36	0
1	023760	676	162	0
1	024800	4594	23	0
1	024910	1403	39	1
1	025440	841	110	0
1	026890	4189	13	1
1	026960	19079	3	1
1	027830	2570	21	1
1	02826K	119841	1	0
1	030520	18148	5	0
1	030720	9261	11	0
1	031330	1832	60	0
1	032190	8073	13	0
1	032620	4755	11	1
1	033130	2369	46	0
1	033170	1468	75	0
1	033270	23434	3	1
1	033310	2551	24	1
1	033500	9950	11	0
1	033660	13478	8	0
1	033830	724	81	1
1	034020	15883	7	0
1	034220	16210	7	0
1	034940	5560	19	0
1	035000	8355	13	0
1	035460	3117	35	0
1	035760	141276	1	0
1	036010	5780	19	0
1	036030	5840	18	0
1	036420	62711	1	0
1	036560	8272	13	0
1	036630	664	166	0
1	036640	4461	24	0
1	036670	9873	11	0
1	036690	5805	18	0
1	037030	4863	22	0
1	037070	6094	11	1
1	037230	2725	20	1
1	037330	1643	34	1
1	037350	7596	14	0
1	037560	9792	11	0
1	037950	2778	39	0
1	038070	12935	8	0
1	039020	3833	28	0
1	039490	108333	1	0
1	039860	9127	12	0
1	040300	2439	45	0
1	042420	13447	4	1
1	042660	33922	3	0
1	043360	3413	31	0
1	043650	6270	17	0
1	045060	3922	14	1
1	045660	9382	6	1
1	046390	1599	35	1
1	047310	4695	13	1
1	047560	6325	17	0
1	047770	3076	35	0
1	047820	1461	40	1
1	048770	5702	19	0
1	050090	1168	94	0
1	050860	3914	28	0
1	051490	4894	11	1
1	052420	2125	26	1
1	052900	1290	85	0
1	053050	1839	59	0
1	053270	1930	30	1
1	054540	3694	29	0
1	054920	3028	18	1
1	055550	30390	3	0
1	058400	1089	51	1
1	058610	7444	14	0
1	058850	2577	42	0
1	060240	7387	15	0
1	060370	4930	22	0
1	060380	2014	60	0
1	060480	4147	20	0
1	060540	2471	44	0
1	064350	20402	5	0
1	065440	1294	85	0
1	066130	5978	9	1
1	066360	3525	30	0
1	066670	4277	25	0
1	066970	20086	3	1
1	067920	4841	22	0
1	068290	19117	3	1
1	072020	18344	6	0
1	075130	6227	17	0
1	075970	2646	21	1
1	078890	9534	11	0
1	084370	20227	3	1
1	084730	8581	7	1
1	086040	7119	8	1
1	086390	17509	6	0
1	088910	4218	26	0
1	089150	2649	21	1
1	090150	2806	39	0
1	091340	4638	22	0
1	091810	8223	13	0
1	092300	3935	27	0
1	093380	3550	31	0
1	094480	4243	25	0
1	095570	6222	17	0
1	095610	23041	5	0
1	099220	1777	30	1
1	100250	2817	39	0
1	100700	4654	23	0
1	101670	2428	45	0
1	108675	36350	3	0
1	111870	3788	29	0
1	119500	4982	22	0
1	119650	5079	11	1
1	120115	25227	4	0
1	123700	3073	35	0
1	123890	5549	19	0
1	126600	4109	26	0
1	126640	1019	51	1
1	128660	2571	42	0
1	130500	3291	17	1
1	130660	4227	26	0
1	131370	3720	15	1
1	131390	16254	7	0
1	131970	32781	4	0
1	137400	6111	10	1
1	138070	8389	13	0
1	145270	967	54	1
1	148150	34706	3	0
1	149950	7607	7	1
1	151860	4225	25	0
1	155660	6125	18	0
1	161000	8306	13	0
1	161890	45741	3	0
1	170030	3198	20	1
1	175330	6296	17	0
1	183300	24722	2	1
1	187270	4408	25	0
1	203450	2957	37	0
1	208140	3993	27	0
1	215100	2188	26	1
1	220630	3298	38	0
1	226400	3311	33	0
1	234920	6601	16	0
1	241690	5292	20	0
1	246690	3451	16	1
1	247540	60245	1	1
1	251270	127360	1	0
1	252670	2925	83	0
1	256150	19856	6	0
1	265560	13000	4	1
1	286940	42124	2	0
1	33637K	17637	6	0
1	35320K	5955	10	1
1	37550K	38550	1	1
1	378850	2393	12	1
1	950160	21300	5	0
1	530031	1680	45	0
